crop 8 21 183 99
net 8 68 188 101
net 8 68 188 102
net 8 68 188 103
net 8 68 188 104
net 8 68 189 101
net 8 68 189 102
net 8 68 189 103
net 8 68 189 104
net 8 68 190 101
net 8 68 190 102
net 8 68 190 103
net 8 68 190 104
net 8 68 191 101
net 8 68 191 102
net 8 68 191 103
net 8 68 191 104
net 8 69 188 101
net 8 69 188 102
net 8 69 188 103
net 8 69 188 104
net 8 69 189 101
net 8 69 189 102
net 8 69 189 103
net 8 69 189 104
net 8 69 190 101
net 8 69 190 102
net 8 69 190 103
net 8 69 190 104
net 8 69 191 101
net 8 69 191 102
net 8 69 191 103
net 8 69 191 104
net 8 70 188 101
net 8 70 188 102
net 8 70 188 103
net 8 70 188 104
net 8 70 189 101
net 8 70 189 102
net 8 70 189 103
net 8 70 189 104
net 8 70 190 101
net 8 70 190 102
net 8 70 190 103
net 8 70 190 104
net 8 70 191 101
net 8 70 191 102
net 8 70 191 103
net 8 70 191 104
