crop 8 205 97 251
net 8 135 81 212
net 8 135 81 213
net 8 135 81 214
net 8 135 81 215
net 8 135 82 212
net 8 135 82 213
net 8 135 82 214
net 8 135 82 215
net 8 135 83 212
net 8 135 83 213
net 8 135 83 214
net 8 135 83 215
net 8 135 84 212
net 8 135 84 213
net 8 135 84 214
net 8 135 84 215
net 8 136 81 212
net 8 136 81 213
net 8 136 81 214
net 8 136 81 215
net 8 136 82 212
net 8 136 82 213
net 8 136 82 214
net 8 136 82 215
net 8 136 83 212
net 8 136 83 213
net 8 136 83 214
net 8 136 83 215
net 8 136 84 212
net 8 136 84 213
net 8 136 84 214
net 8 136 84 215
net 8 137 81 212
net 8 137 81 213
net 8 137 81 214
net 8 137 81 215
net 8 137 82 212
net 8 137 82 213
net 8 137 82 214
net 8 137 82 215
net 8 137 83 212
net 8 137 83 213
net 8 137 83 214
net 8 137 83 215
net 8 137 84 212
net 8 137 84 213
net 8 137 84 214
net 8 137 84 215
