crop 8 111 261 115
net 8 50 229 100
net 8 50 229 101
net 8 50 229 102
net 8 50 229 103
net 8 50 230 100
net 8 50 230 101
net 8 50 230 102
net 8 50 230 103
net 8 50 231 100
net 8 50 231 101
net 8 50 231 102
net 8 50 231 103
net 8 50 232 100
net 8 50 232 101
net 8 50 232 102
net 8 50 232 103
net 8 51 229 100
net 8 51 229 101
net 8 51 229 102
net 8 51 229 103
net 8 51 230 100
net 8 51 230 101
net 8 51 230 102
net 8 51 230 103
net 8 51 231 100
net 8 51 231 101
net 8 51 231 102
net 8 51 231 103
net 8 51 232 100
net 8 51 232 101
net 8 51 232 102
net 8 51 232 103
net 8 52 229 100
net 8 52 229 101
net 8 52 229 102
net 8 52 229 103
net 8 52 230 100
net 8 52 230 101
net 8 52 230 102
net 8 52 230 103
net 8 52 231 100
net 8 52 231 101
net 8 52 231 102
net 8 52 231 103
net 8 52 232 100
net 8 52 232 101
net 8 52 232 102
net 8 52 232 103
